// numero alberi da disegnare, meglio se multiplo di 6
NUMERO_ALBERI_SCENA 30

QUANTITA'_PIOGGIA_SCENA 1000

QUANTITA'_NEVE_SCENA 400

NUMERO_TRIANGOLI 28

// CORRIDOIO OVEST
// Wall DX 4
0
-8.0 0.0 -0.5		2.0	0.0
-8.0 0.7 -0.5		2.0 0.7
-10.0 0.0 -0.5	0.0 0.0
1
// Wall SX 4
0
-8.0 0.0 0.5		2.0	0.0
-8.0 0.7 0.5		2.0 0.7
-10.0 0.0 0.5		0.0 0.0
1

// CORRIDOIO SUD
// Wall SX 4
0
-0.5 0.0 8.0		0.0 3.0
-0.5 0.7 8.0		0.7 3.0
-0.5 0.0 10.0		0.0 0.0
1
// Wall DX 4
0
0.5 0.0 8.0		0.0 3.0
0.5 0.7 8.0		0.7 3.0
0.5 0.0 10.0		0.0 0.0
1

// STANZA NORD
// Up
0
-2.0 0.7 -8.0		0.0 0.0
2.0 0.7 -8.0		4.0 0.0
0.0 2.7 -10.0		2.0 4.0
2

0
-2.0 0.7 -12.0	0.0 0.0
2.0 0.7 -12.0		4.0 0.0
0.0 2.7 -10.0		2.0 4.0
2

0
2.0 0.7 -8.0		0.0 0.0
2.0 0.7 -12.0		0.0 4.0
0.0 2.7 -10.0		4.0 2.0
2

0
-2.0 0.7 -8.0		0.0 0.0
-2.0 0.7 -12.0	0.0 4.0
0.0 2.7 -10.0		4.0 2.0
2

// STANZA OVEST
// tetto stanza ovest
0
-11.4 0.6 -1.1		2.2 0.0
-11.4 0.6 1.1		0.0 0.0
-12.5 1.5 0.0		1.1 0.9
2

0
-13.6 0.6 -1.1		2.2 0.0
-13.6 0.6 1.1		0.0 0.0
-12.5 1.5 0.0		1.1 0.9
2

0
-11.4 0.6 1.1		2.2 0.0
-13.6 0.6 1.1		0.0 0.0
-12.5 1.5 0.0		1.1 0.9
2

0
-11.4 0.6 -1.1		2.2 0.0
-13.6 0.6 -1.1		0.0 0.0
-12.5 1.5 0.0		1.1 0.9
2

// STANZA SUD
// floor
0
0.6 0.0 11.0		2.1 3.0
-0.6 0.0 11.0		0.9 3.0
0.0 0.0 12.5		1.5 1.5
4

0
-0.6 0.0 11.0		0.9 3.0
-1.5 0.0 11.9		0.0 2.1
0.0 0.0 12.5		1.5 1.5
0

0
-1.5 0.0 11.9		0.0 2.1
-1.5 0.0 13.1		0.0 0.9
0.0 0.0 12.5		1.5 1.5
4

0
-1.5 0.0 13.1		0.0 0.9
-0.6 0.0 14.0		0.9 0.0
0.0 0.0 12.5		1.5 1.5
0

0
-0.6 0.0 14.0		0.9 0.0
0.6 0.0 14.0		2.1 0.0
0.0 0.0 12.5		1.5 1.5
4

0
0.6 0.0 14.0		2.1 0.0
1.5 0.0 13.1		3.0 0.9
0.0 0.0 12.5		1.5 1.5
0

0
1.5 0.0 13.1		3.0 0.9
1.5 0.0 11.9		3.0 2.1
0.0 0.0 12.5		1.5 1.5
4

0
1.5 0.0 11.9		3.0 2.1
0.6 0.0 11.0		2.1 3.0
0.0 0.0 12.5		1.5 1.5
0
// up
1
0.6 0.8 11.0		2.1 3.0
-0.6 0.8 11.0		0.9 3.0
0.0 2.0 12.5		1.5 1.5
5

0
-0.6 0.8 11.0		0.9 3.0
-1.5 0.8 11.9		0.0 2.1
0.0 2.0 12.5		1.5 1.5
15

1
-1.5 0.8 11.9		0.0 2.1
-1.5 0.8 13.1		0.0 0.9
0.0 2.0 12.5		1.5 1.5
5

0
-1.5 0.8 13.1		0.0 0.9
-0.6 0.8 14.0		0.9 0.0
0.0 2.0 12.5		1.5 1.5
15

1
-0.6 0.8 14.0		0.9 0.0
0.6 0.8 14.0		2.1 0.0
0.0 2.0 12.5		1.5 1.5
5

0
0.6 0.8 14.0		2.1 0.0
1.5 0.8 13.1		3.0 0.9
0.0 2.0 12.5		1.5 1.5
15

1
1.5 0.8 13.1		3.0 0.9
1.5 0.8 11.9		3.0 2.1
0.0 2.0 12.5		1.5 1.5
5

0
1.5 0.8 11.9		3.0 2.1
0.6 0.8 11.0		2.1 3.0
0.0 2.0 12.5		1.5 1.5
15

NUMERO_QUADRATI 48

// CONFINI DEL MONDO
// Wall NORD
0
30.0 1.0 -30.0		60.0 1.0
-30.0 1.0 -30.0		0.0 1.0
30.0 0.0 -30.0		60.0 0.0
-30.0 0.0 -30.0		0.0 0.0
10
// Wall SUD
0
30.0 1.0 30.0		60.0 1.0
-30.0 1.0 30.0		0.0 1.0
30.0 0.0 30.0		60.0 0.0
-30.0 0.0 30.0		0.0 0.0
10
// Wall EST
0
-30.0 1.0 -30.0		60.0 1.0
-30.0 1.0 30.0		0.0 1.0
-30.0 0.0 -30.0		60.0 0.0
-30.0 0.0 30.0		0.0 0.0
10
// Wall OVEST
0
30.0 1.0 -30.0		60.0 1.0
30.0 1.0 30.0		0.0 1.0
30.0 0.0 -30.0		60.0 0.0
30.0 0.0 30.0		0.0 0.0
10

// CENTRO
// Floor
0
2.0  0.0  -2.0    4.0 4.0
-2.0  0.0 -2.0    0.0  4.0
2.0  0.0  2.0    4.0  0.0
-2.0  0.0  2.0    0.0  0.0
0
// Up
0
2.0  0.7  -2.0    4.0 4.0
-2.0  0.7 -2.0    0.0  4.0
2.0  0.7  2.0    4.0  0.0
-2.0  0.7  2.0    0.0  0.0
2
// CORRIDOIO NORD
// Floor
0
0.5 0.0 -8.0           1.32 6.0
-0.5 0.0 -8.0           0.0  6.0
0.5 0.0 -2.0           1.32 0.0
-0.5 0.0 -2.0           0.0  0.0
0
// Up
0
0.5 0.7 -8.0           1.32 6.0
-0.5 0.7 -8.0           0.0  6.0
0.5 0.7 -2.0           1.32 0.0
-0.5 0.7 -2.0           0.0  0.0
2
// Wall SX 1
0
-0.5  0.70 -4.0   2.0  0.7
-0.5  0.70 -2.0   0.0  0.7
-0.5  0.0 -4.0    2.0  0.0
-0.5  0.0 -2.0    0.0  0.0
1
// Wall SX 2      -     blend
1
-0.5  0.70 -6.0   2.0  0.7
-0.5  0.70 -4.0   0.0  0.7
-0.5  0.0 -6.0    2.0  0.0
-0.5  0.0 -4.0    0.0  0.0
3
// Wall SX 3
0
-0.5  0.70 -8.0   2.0  0.7
-0.5  0.70 -6.0   0.0  0.7
-0.5  0.0 -8.0    2.0  0.0
-0.5  0.0 -6.0    0.0  0.0
1
// Wall DX 1
0
0.5  0.70 -4.0   2.0  0.7
0.5  0.70 -2.0   0.0  0.7
0.5  0.0 -4.0    2.0  0.0
0.5  0.0 -2.0    0.0  0.0
1
// Wall DX 2      -     blend
1
0.5  0.70 -6.0   2.0  0.7
0.5  0.70 -4.0   0.0  0.7
0.5  0.0 -6.0    2.0  0.0
0.5  0.0 -4.0    0.0  0.0
3
// Wall DX 3
0
0.5  0.70 -8.0   2.0  0.7
0.5  0.70 -6.0   0.0  0.7
0.5  0.0 -8.0    2.0  0.0
0.5  0.0 -6.0    0.0  0.0
1
// CORRIDOIO EST
// Floor
0
8.0  0.0 -0.5   6.0  1.0
2.0  0.0 -0.5   0.0  1.0
8.0  0.0  0.5   6.0  0.0
2.0  0.0  0.5   0.0  0.0
0
// Up
0
8.0  0.7 -0.5   6.0  1.0
2.0  0.7 -0.5   0.0  1.0
8.0  0.7  0.5   6.0  0.0
2.0  0.7  0.5   0.0  0.0
2
// Wall SX 1
0
4.0  0.70 -0.5   2.0  0.7
2.0  0.70 -0.5   0.0  0.7
4.0  0.0 -0.5    2.0  0.0
2.0  0.0 -0.5    0.0  0.0
1
// Wall SX 2      -     blend
1
6.0  0.70 -0.5   2.0  0.7
4.0  0.70 -0.5   0.0  0.7
6.0  0.0 -0.5    2.0  0.0
4.0  0.0 -0.5    0.0  0.0
3
// Wall SX 3
0
8.0  0.70 -0.5   2.0  0.7
6.0  0.70 -0.5   0.0  0.7
8.0  0.0 -0.5    2.0  0.0
6.0  0.0 -0.5    0.0  0.0
1
// Wall DX 1
0
4.0  0.70 0.5   2.0  0.7
2.0  0.70 0.5   0.0  0.7
4.0  0.0 0.5    2.0  0.0
2.0  0.0 0.5    0.0  0.0
1
// Wall DX 2      -     blend
1
6.0  0.70 0.5   2.0  0.7
4.0  0.70 0.5   0.0  0.7
6.0  0.0 0.5    2.0  0.0
4.0  0.0 0.5    0.0  0.0
3
// Wall DX 3
0
8.0  0.70 0.5   2.0  0.7
6.0  0.70 0.5   0.0  0.7
8.0  0.0 0.5    2.0  0.0
6.0  0.0 0.5    0.0  0.0
1
// CORRIDOIO OVEST
// Floor
0
-2.0  0.0 -0.5   6.0  1.0
-8.0  0.0 -0.5   0.0  1.0
-2.0  0.0  0.5   6.0  0.0
-8.0  0.0  0.5   0.0  0.0
0

0
-8.0  0.0 -0.5   3.0  1.0
-11.0 0.0 -0.5	0.0 1.0
-8.0 0.0 0.5		3.0 0.0
-11.0 0.0 0.5		0.0 0.0
4
// Up
0
-2.0  0.7 -0.5   6.0  1.0
-8.0  0.7 -0.5   0.0  1.0
-2.0  0.7  0.5   6.0  0.0
-8.0  0.7  0.5   0.0  0.0
2
// Wall DX 1
0
-2.0  0.7  -0.5   2.0  0.7
-4.0  0.7 -0.5    0.0  0.7
-2.0  0.0 -0.5    2.0  0.0
-4.0  0.0 -0.5    0.0  0.0
1
// Wall DX 2      -     blend
1
-4.0  0.7  -0.5   2.0  0.7
-6.0  0.7 -0.5    0.0  0.7
-4.0  0.0 -0.5    2.0  0.0
-6.0  0.0 -0.5    0.0  0.0
3
// Wall DX 3
0
-6.0  0.7  -0.5   2.0  0.7
-8.0  0.7 -0.5    0.0  0.7
-6.0  0.0 -0.5    2.0  0.0
-8.0  0.0 -0.5    0.0  0.0
1
// Wall SX 1
0
-2.0  0.7  0.5   2.0  0.7
-4.0  0.7 0.5    0.0  0.7
-2.0  0.0 0.5    2.0  0.0
-4.0  0.0 0.5    0.0  0.0
1
// Wall SX 2      -     blend
1
-4.0  0.7  0.5   2.0  0.7
-6.0  0.7 0.5    0.0  0.7
-4.0  0.0 0.5    2.0  0.0
-6.0  0.0 0.5    0.0  0.0
3
// Wall SX 3
0
-6.0  0.7  0.5   2.0  0.7
-8.0  0.7 0.5    0.0  0.7
-6.0  0.0 0.5    2.0  0.0
-8.0  0.0 0.5    0.0  0.0
1
// CORRIDOIO SUD
// Floor
0
0.5  0.0  2.0    1.0  6.0
-0.5  0.0  2.0    0.0  6.0
0.5  0.0  8.0    1.0  0.0
-0.5  0.0  8.0    0.0  0.0
0

0
0.5 0.0 8.0		1.0 3.0
-0.5 0.0 8.0		0.0 3.0
0.5 0.0 11.0		1.0 0.0
-0.5 0.0 11.0		0.0 0.0
0
// Up
0
0.5  0.7  2.0    1.0  6.0
-0.5  0.7  2.0    0.0  6.0
0.5  0.7  8.0    1.0  0.0
-0.5  0.7  8.0    0.0  0.0
2
// Wall SX 1
0
-0.5  0.7  2.0    2.0  0.7
-0.5  0.7  4.0    0.0  0.7
-0.5  0.0  2.0    2.0  0.0
-0.5  0.0  4.0    0.0  0.0
1
// Wall SX 2      -     blend
1
-0.5  0.7  4.0    2.0  0.7
-0.5  0.7  6.0    0.0  0.7
-0.5  0.0  4.0    2.0  0.0
-0.5  0.0  6.0    0.0  0.0
3
// Wall SX 3
0
-0.5  0.7  6.0    2.0  0.7
-0.5  0.7  8.0    0.0  0.7
-0.5  0.0  6.0    2.0  0.0
-0.5  0.0  8.0    0.0  0.0
1
// Wall DX 1
0
0.5  0.7  2.0    2.0  0.7
0.5  0.7  4.0    0.0  0.7
0.5  0.0  2.0    2.0  0.0
0.5  0.0  4.0    0.0  0.0
1
// Wall DX 2      -     blend
1
0.5  0.7  4.0    2.0  0.7
0.5  0.7  6.0    0.0  0.7
0.5  0.0  4.0    2.0  0.0
0.5  0.0  6.0    0.0  0.0
3
// Wall DX 3
0
0.5  0.7  6.0    2.0  0.7
0.5  0.7  8.0    0.0  0.7
0.5  0.0  6.0    2.0  0.0
0.5  0.0  8.0    0.0  0.0
1

// STANZA NORD
// Floor
0
2.0  0.0  -12.0        4.0  4.0
-2.0  0.0  -12.0        0.0  4.0
2.0  0.0  -8.0   		4.0  0.0
-2.0  0.0  -8.0  		 0.0  0.0
4
// wall DOWN SX Finestra
1
-0.7 0.5 -8.0		1.6 0.3
-1.8 0.5 -8.0		0.0	0.3
-0.7 0.2 -8.0		1.6 0.0
-1.8 0.2 -8.0		0.0 0.0
5
// wall DOWN DX Finestra
1
0.7 0.5 -8.0		1.6 0.3
1.8 0.5 -8.0		0.0	0.3
0.7 0.2 -8.0		1.6 0.0
1.8 0.2 -8.0		0.0 0.0
5

// STANZA OVEST
// floor
0
-11.0 0.0 -1.5		3.0 3.0
-14.0 0.0 -1.5	0.0 3.0
-11.0 0.0 1.5		3.0 0.0
-14.0 0.0 1.5		0.0 0.0
4
// bordo tetto
0
-11.0 0.6 -1.5		0.4 3.0
-11.4 0.6 -1.5		0.0 3.0
-11.0 0.6 1.5		0.4 0.0
-11.4 0.6 1.5		0.0 0.0
2

0
-13.6 0.6 -1.5	0.4 3.0
-14.0 0.6 -1.5	0.0 3.0
-13.6 0.6 1.5		0.4 0.0
-14.0 0.6 1.5		0.0 0.0
2

0
-11.4 0.6 -1.5		2.2 0.4
-13.6 0.6 -1.5	0.0 0.4
-11.4 0.6 -1.1		2.2 0.0
-13.6 0.6 -1.1		0.0 0.0
2

0
-11.4 0.6 1.5		2.2 0.4
-13.6 0.6 1.5		0.0 0.4
-11.4 0.6 1.1		2.2 0.0
-13.6 0.6 1.1		0.0 0.0
2

NUMERO_QUADRATI_ANIMATI 	11
// blending
// coordinate
// rotazione asse x	-	rotazione asse y	-	velocità rotazione
// STANZA NORD
// wall UP
0
2.0 0.7 -12.0           4.0 0.7
-2.0 0.7 -12.0          0.0 0.7
2.0 0.0 -12.0           4.0 0.0
-2.0 0.0 -12.0          0.0 0.0
1	0	0.2
1
// wall SX
0
-2.0 0.7 -12.0          4.0 0.7
-2.0 0.7 -8.0           0.0 0.7
-2.0 0.0 -12.0          4.0 0.0
-2.0 0.0 -8.0           0.0 0.0
1	0	0.2
1
// wall DX
0
2.0 0.7 -12.0          4.0 0.7
2.0 0.7 -8.0           0.0 0.7
2.0 0.0 -12.0          4.0 0.0
2.0 0.0 -8.0           0.0 0.0
1	0	-0.2
1
// wall DOWN DX
0
0.5 0.2  -8.0          1.5 0.2
2.0 0.2  -8.0          0.0 0.2
0.5 0.0  -8.0          1.5 0.0
2.0 0.0  -8.0          0.0 0.0
1	0	0.2
1

0
0.5 0.7  -8.0          1.5 0.2
2.0 0.7  -8.0          0.0 0.2
0.5 0.5  -8.0          1.5 0.0
2.0 0.5  -8.0          0.0 0.0
1	0	0.2
1

0
1.8 0.5 -8.0		0.2 0.3
2.0 0.5 -8.0		0.0 0.3
1.8 0.2 -8.0		0.2 0.0
2.0 0.2 -8.0		0.0 0.0
1	0	0.2
1

0
0.5 0.5 -8.0		0.2 0.3
0.7 0.5 -8.0		0.0 0.3
0.5 0.2 -8.0		0.2 0.0
0.7 0.2 -8.0		0.0 0.0
1	0	0.2
1
// wall DOWN SX
0
-0.5 0.2  -8.0          1.5 0.2
-2.0 0.2  -8.0          0.0 0.2
-0.5 0.0  -8.0          1.5 0.0
-2.0 0.0  -8.0          0.0 0.0
1	0	-0.2
1

0
-0.5 0.7  -8.0          1.5 0.2
-2.0 0.7  -8.0          0.0 0.2
-0.5 0.5  -8.0          1.5 0.0
-2.0 0.5  -8.0          0.0 0.0
1	0	-0.2
1

0
-1.8 0.5 -8.0		0.2 0.3
-2.0 0.5 -8.0		0.0 0.3
-1.8 0.2 -8.0		0.2 0.0
-2.0 0.2 -8.0		0.0 0.0
1	0	-0.2
1

0
-0.5 0.5 -8.0		0.2 0.3
-0.7 0.5 -8.0		0.0 0.3
-0.5 0.2 -8.0		0.2 0.0
-0.7 0.2 -8.0		0.0 0.0
1	0	-0.2
1

NUMERO_SFERE 13
// x	y	z		raggio
// rotazione sugli assi:	x	y	z (valori tra 0.0 e 1.0)
// numero texture,	trasparente (1 = si, 0 = no),	numero di poligoni che compongono la sfera

// Stanza NORD
1
0.0 0.3 -10.0		0.13
1.0 1.0 1.0
5	32

0
0.0 0.3  -10.0	0.05
-1.0 -1.0 -1.0
6	16
// Stanza CENTRALE
0
1.6 0.35 -1.6		0.05
0.0	2.0	0.0
6	16

0
-1.6 0.35 -1.6	0.05
0.0	2.0	0.0
6	16

0
-1.6 0.35 1.6		0.05
0.0	2.0	0.0
6	16

0
1.6 0.35 1.6		0.05
0.0	2.0	0.0
6	16
// Stanza OVEST
0
-12.5 1.5 0.0		0.13
0.0 0.0 0.0
12	32

0
-12.5 0.425 0.0	0.05
1.0 1.0 1.0
13	32
// Stanza SUD
0
0.0 1.9 12.5		0.16
0.0 0.0 0.0
15	32

1
-0.9 0.3 11.6		0.13
1.0 1.0 1.0
3	32

1
-0.9 0.3 13.4		0.13
1.0 1.0 1.0
3	32

1
0.9 0.3 13.4		0.13
-1.0 -1.0 -1.0
3	32

1
0.9 0.3 11.6		0.13
-1.0 -1.0 -1.0
3	32

NUMERO_CILINDRI 25
// x	y	z		altezza,	raggio all cima, raggio alla base (tenere uguali gli ultimi 2 per cilindro)
// numero texture,	trasparente,	numero poligoni

// FINE DEL MONDO
0
30.0 0.7 -30.0	1.4 0.2 0.2
11	32

0
-30.0 0.7 -30.0	1.4 0.2 0.2
11	32

0
-30.0 0.7 30.0	1.4 0.2 0.2
11	32

0
30.0 0.7 30.0	1.4 0.2 0.2
11	32

// Stanza CENTRALE
0
1.6 0.15 -1.6		0.3 0.05 0.18
12	4

0
1.6 0.55 -1.6		0.3 0.18 0.05
12	4

0
-1.6 0.15 -1.6		0.3 0.05 0.18
12	4

0
-1.6 0.55 -1.6	0.3 0.18 0.05
12	4

0
-1.6 0.15 1.6		0.3 0.05 0.18
12	4

0
-1.6 0.55 1.6		0.3 0.18 0.05
12	4

0
1.6 0.15 1.6		0.3 0.05 0.18
12	4

0
1.6 0.55 1.6		0.3 0.18 0.05
12	4

// STANZA OVEST
0
-11.2 0.3 1.3		0.6 0.1 0.1
12	32

0
-11.2 0.3 -1.3		0.6 0.1 0.1
12	32

0
-13.8 0.3 -1.3	0.6 0.1 0.1
12	32

0
-13.8 0.3 1.3		0.6 0.1 0.1
12	32

0
-12.5 0.15 0.0	0.3 0.13 0.13
12	32

1
-12.5 0.425 0.0	0.25 0.13 0.13
5	32

0
-12.5 1.02 0.0	0.94 0.13 0.13
12	32

0
-12.5 1.76 0.0	0.3 0.0 0.03
6	16

// STANZA EST
0
9.0 0.5 -1.0		1.0 0.15 0.15
12	32

0
9.0 0.5 1.0		1.0 0.15 0.15
12	32

0
11.0 0.5 1.0		1.0 0.15 0.15
12	32

0
11.0 0.5 -1.0		1.0 0.15 0.15
12	32

// STANZA SUD
0
0.0 0.95 12.5		1.9 0.14 0.14
12	32