NUMERO_SALTI		3
NUMERO_POLIGONI 	9

// coordinate x, z, u, v   X4
// altezza, blending, texture

// il primo poligono deve essere quello di partenza
1.0		1.0		2.0		2.0
-1.0	1.0		0.0		2.0
1.0		-1.0	2.0		0.0
-1.0	-1.0	0.0		0.0
10.0	0	6

1.0		3.0		2.0		2.0
-1.0	3.0		0.0		2.0
1.0		1.0		2.0		0.0
-1.0	1.0		0.0		0.0
10.0	1	9

1.0		7.0		2.0		4.0
-1.0	7.0		0.0		4.0
1.0		3.0		2.0		0.0
-1.0	3.0		0.0		0.0
10.0	0	4

3.0		11.0	2.0		6.0
1.0		11.0	0.0		6.0
3.0		5.0		2.0		0.0
1.0		5.0		0.0		0.0
9.0		0	5

-1.0	11.0	2.0		6.0
-3.0	11.0	0.0		6.0
-1.0	5.0		2.0		0.0
-3.0	5.0		0.0		0.0
11.0	0	5

1.0		13.0	2.0		4.0
-1.0	13.0	0.0		4.0
1.0		9.0		2.0		0.0
-1.0	9.0		0.0		0.0
10.0	0	4

1.0		15.0	2.0		2.0
-1.0	15.0	0.0		2.0
1.0		13.0	2.0		0.0
-1.0	13.0	0.0		0.0
10.0	1	9

1.0		17.0	2.0		2.0
-1.0	17.0	0.0		2.0
1.0		15.0	2.0		0.0
-1.0	15.0	0.0		0.0
10.0	0	4

4.0		25.0	8.0		8.0
-4.0	25.0	0.0		8.0
4.0		17.0	8.0		0.0
-4.0	17.0	0.0		0.0
10.0	1	9

ARRIVO	1.3		-1.3	22.0	10.0

LEVEL DESIGN:
mosquiton

NEXT LEVEL:
Data/Level_2.txt