NUMERO_SALTI		4
NUMERO_POLIGONI 	7

// coordinate x, z, u, v   X4
// altezza, blending, texture

// il primo poligono deve essere quello di partenza
2.0		2.0		2.0		2.0
-2.0	2.0		0.0		2.0
2.0		-2.0	2.0		0.0
-2.0	-2.0	0.0		0.0
12.0	0	4

1.0		6.0		0.5		2.0
-1.0	6.0		-0.5	2.0
1.0		2.0		0.5		0.0
-1.0	2.0		-0.5	0.0
12.0	0	4

5.0		6.0		2.5		1.0
1.0		6.0		0.5		1.0
5.0		4.0		2.5		0.0
1.0		4.0		0.5		0.0
12.0	0	4

7.0		10.0	0.5		3.0
5.0		10.0	-0.5	3.0
7.0		4.0		0.5		0.0
5.0		4.0		-0.5	0.0
12.0	0	4

7.0		12.0	0.5		1.0
-14.0	12.0	7.5		1.0
7.0		10.0	0.5		0.0
-14.0	10.0	7.5		0.0
12.0	0	4

-12.0	16.0	-0.5	2.0
-14.0	16.0	0.5		2.0
-12.0	12.0	-0.5	0.0
-14.0	12.0	0.5		0.0
12.0	0	4

-11.0	20.0	0.5		2.0
-15.0	20.0	2.5		2.0
-11.0	16.0	0.5		0.0
-15.0	16.0	2.5		0.0
12.0	1	9

ARRIVO	-11.5	-14.5	19.0	12.0

LEVEL DESIGN:
mosquiton

NEXT LEVEL:
Data/Level_7.txt