NUMERO_SALTI		5
NUMERO_POLIGONI 	13

// coordinate x, z, u, v   X4
// altezza, blending, texture

// il primo poligono deve essere quello di partenza
2.5		2.5		5.0		5.0
-2.5	2.5		0.0		5.0
2.5		-2.5	5.0		0.0
-2.5	-2.5	0.0		0.0
13.0	1	9
// corridoio centrale
0.7		10.0	2.0		5.0
-0.7	10.0	0.0		5.0
0.7		5.0		2.0		0.0
-0.7	5.0		0.0		0.0
12.0	0	4

0.7		13.0	2.0		3.0
-0.7	13.0	0.0		3.0
0.7		10.0	2.0		0.0
-0.7	10.0	0.0		0.0
12.5	0	5

0.7		16.0	2.0		3.0
-0.7	16.0	0.0		3.0
0.7		13.0	2.0		0.0
-0.7	13.0	0.0		0.0
13.0	0	4

4.0		20.0	8.0		3.0
-4.0	20.0	0.0		3.0
4.0		17.0	8.0		0.0
-4.0	17.0	0.0		0.0
13.0	0	4

1.0		26.0	2.0		6.0
-1.0	26.0	0.0		6.0
1.0		20.0	2.0		0.0
-1.0	20.0	0.0		0.0
13.0	0	4

3.0		32.0	6.0		6.0
-3.0	32.0	0.0		6.0
3.0		26.0	6.0		0.0
-3.0	26.0	0.0		0.0
13.5	1	9
// corridoio SX
4.0		2.5		1.5		1.5
2.5		2.5		0.0		1.5
4.0		1.0		1.5		0.0
2.5		1.0		0.0		0.0
13.0	0	4

6.0		9.75	3.5		7.25
2.5		9.75	0.0		7.25
4.0		2.5		1.5		0.0
2.5		2.5		0.0		0.0
13.0	0	5

4.0		17.0	1.5		7.25
2.5		17.0	0.0		7.25
6.0		9.75	3.5		0.0
2.5		9.75	0.0		0.0
13.0	0	5


// corridoio DX
-2.5	2.5		1.5		1.5
-4.0	2.5		0.0		1.5
-2.5	1.0		1.5		0.0
-4.0	1.0		0.0		0.0
13.0	0	4

-2.5	9.75	3.5		7.25
-6.0	9.75	0.0		7.25
-2.5	2.5		3.5		0.0
-4.0	2.5		1.5		0.0
13.0	0	5

-2.5	17.0	3.5		7.25
-4.0	17.0	1.5		7.25
-2.5	9.75	3.5		0.0
-6.0	9.75	0.0		0.0
13.0	0	5

ARRIVO	1.3		-1.3	30.0	13.5

LEVEL DESIGN:
mosquiton

NEXT LEVEL:
Data/Level_4.txt