NUMERO_SALTI		8
NUMERO_POLIGONI 	8

// coordinate x, z, u, v   X4
// altezza, blending, texture

// il primo poligono deve essere quello di partenza
2.0		2.0		4.0		4.0
-2.0	2.0		0.0		4.0
2.0		-2.0	4.0		0.0
-2.0	-2.0	0.0		0.0
8.0		0	6

2.0		4.5		2.0		2.0
0.0		4.5		0.0		2.0
2.0		2.5		2.0		0.0
0.0		2.5		0.0		0.0
8.0		0	5

2.0		7.0		2.0		2.0
0.0		7.0		0.0		2.0
2.0		5.0		2.0		0.0
0.0		5.0		0.0		0.0
8.5		0	5

-0.5	7.0		2.0		2.0
-2.5	7.0		0.0		2.0
-0.5	5.0		2.0		0.0
-2.5	5.0		0.0		0.0
9.0		0	5

-3.0	7.0		0.0		2.0
-5.0	7.0		2.0		2.0
-3.0	5.0		0.0		0.0
-5.0	5.0		2.0		0.0
9.5		0	5

-3.0	9.5		0.0		2.0
-5.0	9.5		2.0		2.0
-3.0	7.5		0.0		0.0
-5.0	7.5		2.0		0.0
10.0	0	5

-3.0	12.0	0.0		2.0
-5.0	12.0	2.0		2.0
-3.0	10.0	0.0		0.0
-5.0	10.0	2.0		0.0
10.5	0	5

-2.0	16.5	0.0		4.0
-6.0	16.5	4.0		4.0
-2.0	12.5	0.0		0.0
-6.0	12.5	4.0		0.0
11.0	1	9

ARRIVO	-2.5	-5.5	16.0	11.0

LEVEL DESIGN:
mosquiton

NEXT LEVEL:
Data/Level_8.txt