NUMERO_SALTI		2
NUMERO_POLIGONI 	8

// coordinate x, z, u, v   X4
// altezza, blending, texture

// il primo poligono deve essere quello di partenza
1.0		2.0		4.0		4.0
-1.0	2.0		2.0		4.0
3.0		-2.0	6.0		0.0
-3.0	-2.0	0.0		0.0
13.0	0	5

0.5		5.0		1.5		3.0
-0.5	5.0		0.5		3.0
1.0		2.0		2.0		0.0
-1.0	2.0		0.0		0.0
13.0	1	7
// DX
-5.0	17.0	4.5		15.0
-11.0	20.0	10.5	18.0
-0.5	5.0		0.0		3.0
-1.0	2.0		0.5		0.0
13.0	0	7

-3.0	21.0	0.0		4.0
-11.0	25.0	8.0		8.0
-5.0	17.0	2.0		0.0
-11.0	20.0	8.0		3.0
13.0	0	7

// SX
11.0	20.0	10.5	18.0
5.0		17.0	4.5		15.0
1.0		2.0		0.5		0.0
0.5		5.0		0.0		3.0
13.0	0	7

11.0	25.0	8.0		8.0
3.0		21.0	0.0		4.0
11.0	20.0	8.0		3.0
5.0		17.0	2.0		0.0
13.0	0	7
// ARRIVO
3.0		34.0	6.0		8.0
-3.0	34.0	0.0		8.0
3.0		26.0	6.0		0.0
-3.0	26.0	0.0		0.0
8.0		1	6

2.0		40.0	4.0		5.0
-2.0	40.0	0.0		5.0
2.0		35.0	4.0		0.0
-2.0	35.0	0.0		0.0
9.0		1	9

ARRIVO	1.4		-1.4	39.0	9.0

LEVEL DESIGN:
mosquiton

NEXT LEVEL:
Data/Level_5.txt