NUMERO_SALTI		1
NUMERO_POLIGONI 	7

// coordinate x, z, u, v   X4
// altezza, blending, texture

// il primo poligono deve essere quello di partenza
1.0		1.0		2.0		2.0
-1.0	1.0		0.0		2.0
1.0		-1.0	2.0		0.0
-1.0	-1.0	0.0		0.0
15.0	0	4

1.0		3.0		2.0		2.0
-1.0	3.0		0.0		2.0
1.0		1.0	2.0		0.0
-1.0	1.0	0.0		0.0
14.5	0	5

1.0		5.0		2.0		2.0
-1.0	5.0		0.0		2.0
1.0		3.0		2.0		0.0
-1.0	3.0		0.0		0.0
14.0	0	6

1.0		7.0		2.0		2.0
-1.0	7.0		0.0		2.0
1.0		5.0		2.0		0.0
-1.0	5.0		0.0		0.0
13.5	0	5

1.0		9.0		2.0		2.0
-1.0	9.0		0.0		2.0
1.0		7.0		2.0		0.0
-1.0	7.0		0.0		0.0
13.0	0	4

1.0		13.0	2.0		4.0
-1.0	13.0	0.0		4.0
1.0		9.0		2.0		0.0
-1.0	9.0		0.0		0.0
12.5	0	5

4.0		21.0	8.0		8.0
-4.0	21.0	0.0		8.0
4.0		13.0	8.0		0.0
-4.0	13.0	0.0		0.0
12.5	1	9

ARRIVO	1.3		-1.3	20.0	12.5

LEVEL DESIGN:
mosquiton

NEXT LEVEL:
Data/Level_3.txt