// MilkShape 3D ASCII

Frames: 30
Frame: 1

Meshes: 6
"GeoSphere02" 0 0
42
0 -0.329738 0.158024 0.021958 0.000000 0.000000 -1
0 0.000000 0.158024 0.126098 0.000000 0.000000 -1
0 -0.193816 0.342574 -0.007074 0.000000 0.000000 -1
0 0.000000 0.472000 -0.204608 0.000000 0.000000 -1
0 0.193816 0.342574 -0.007074 0.000000 0.000000 -1
0 0.329738 0.158024 0.021958 0.000000 0.000000 -1
0 -0.507416 0.272082 -0.222552 0.000000 0.000000 -1
0 -0.533528 0.352072 -0.571200 0.000000 0.000000 -1
0 -0.313600 0.456632 -0.355724 0.000000 0.000000 -1
0 -0.313600 0.456632 -0.786676 0.000000 0.000000 -1
0 0.000000 0.472000 -0.937792 0.000000 0.000000 -1
0 0.000000 0.527124 -0.571200 0.000000 0.000000 -1
0 0.313600 0.456632 -0.355724 0.000000 0.000000 -1
0 0.313600 0.456632 -0.786676 0.000000 0.000000 -1
0 0.533528 0.352072 -0.571200 0.000000 0.000000 -1
0 0.507416 0.272082 -0.222552 0.000000 0.000000 -1
0 0.627200 0.158024 -0.571200 0.000000 0.000000 -1
0 0.533528 -0.036024 -0.571200 0.000000 0.000000 -1
0 0.507416 0.043966 -0.222552 0.000000 0.000000 -1
0 0.507416 0.272082 -0.919848 0.000000 0.000000 -1
0 0.329738 0.158024 -1.164358 0.000000 0.000000 -1
0 0.507416 0.043966 -0.919848 0.000000 0.000000 -1
0 0.193816 0.342574 -1.135326 0.000000 0.000000 -1
0 -0.193816 0.342574 -1.135326 0.000000 0.000000 -1
0 -0.329738 0.158024 -1.164358 0.000000 0.000000 -1
0 0.000000 0.158024 -1.268498 0.000000 0.000000 -1
0 -0.193816 -0.026526 -1.135326 0.000000 0.000000 -1
0 0.000000 -0.155952 -0.937792 0.000000 0.000000 -1
0 0.193816 -0.026526 -1.135326 0.000000 0.000000 -1
0 0.313600 -0.140584 -0.786676 0.000000 0.000000 -1
0 0.000000 -0.211076 -0.571200 0.000000 0.000000 -1
0 0.000000 -0.155952 -0.204608 0.000000 0.000000 -1
0 0.313600 -0.140584 -0.355724 0.000000 0.000000 -1
0 -0.313600 -0.140584 -0.786676 0.000000 0.000000 -1
0 -0.533528 -0.036024 -0.571200 0.000000 0.000000 -1
0 -0.313600 -0.140584 -0.355724 0.000000 0.000000 -1
0 -0.507416 0.043966 -0.222552 0.000000 0.000000 -1
0 -0.193816 -0.026526 -0.007074 0.000000 0.000000 -1
0 0.193816 -0.026526 -0.007074 0.000000 0.000000 -1
0 -0.627200 0.158024 -0.571200 0.000000 0.000000 -1
0 -0.507416 0.272082 -0.919848 0.000000 0.000000 -1
0 -0.507416 0.043966 -0.919848 0.000000 0.000000 -1
42
-0.562163 0.000000 0.827027
0.000000 0.000000 1.000000
-0.271394 0.705261 0.654944
0.000000 0.945421 0.325852
0.271394 0.705261 0.654944
0.562163 -0.000000 0.827027
-0.777125 0.457858 0.431791
-0.713942 0.700205 0.000000
-0.350724 0.915129 0.198825
-0.350724 0.915129 -0.198825
0.000000 0.945421 -0.325852
0.000000 1.000000 -0.000000
0.350724 0.915129 0.198825
0.350724 0.915129 -0.198825
0.713942 0.700205 0.000000
0.777125 0.457857 0.431791
1.000000 0.000000 -0.000000
0.713942 -0.700205 0.000000
0.777125 -0.457858 0.431791
0.777125 0.457858 -0.431791
0.562163 0.000000 -0.827027
0.777125 -0.457858 -0.431791
0.271394 0.705261 -0.654944
-0.271394 0.705261 -0.654944
-0.562163 0.000000 -0.827027
0.000000 0.000000 -1.000000
-0.271394 -0.705261 -0.654944
0.000000 -0.945421 -0.325852
0.271394 -0.705261 -0.654944
0.350724 -0.915129 -0.198825
0.000000 -1.000000 -0.000000
0.000000 -0.945421 0.325852
0.350724 -0.915129 0.198825
-0.350724 -0.915129 -0.198825
-0.713942 -0.700205 0.000000
-0.350724 -0.915129 0.198825
-0.777125 -0.457857 0.431791
-0.271394 -0.705261 0.654944
0.271394 -0.705261 0.654944
-1.000000 0.000000 -0.000000
-0.777125 0.457858 -0.431791
-0.777125 -0.457858 -0.431791
80
0 0 1 2 0 1 2 1
0 3 2 4 3 2 4 1
0 5 4 1 5 4 1 1
0 2 1 4 2 1 4 1
0 0 2 6 0 2 6 1
0 7 6 8 7 6 8 1
0 3 8 2 3 8 2 1
0 6 2 8 6 2 8 1
0 7 8 9 7 8 9 1
0 10 9 11 10 9 11 1
0 3 11 8 3 11 8 1
0 9 8 11 9 8 11 1
0 3 12 11 3 12 11 1
0 10 11 13 10 11 13 1
0 14 13 12 14 13 12 1
0 11 12 13 11 12 13 1
0 3 4 12 3 4 12 1
0 14 12 15 14 12 15 1
0 5 15 4 5 15 4 1
0 12 4 15 12 4 15 1
0 14 15 16 14 15 16 1
0 17 16 18 17 16 18 1
0 5 18 15 5 18 15 1
0 16 15 18 16 15 18 1
0 14 16 19 14 16 19 1
0 20 19 21 20 19 21 1
0 17 21 16 17 21 16 1
0 19 16 21 19 16 21 1
0 10 13 22 10 13 22 1
0 20 22 19 20 22 19 1
0 14 19 13 14 19 13 1
0 22 13 19 22 13 19 1
0 10 22 23 10 22 23 1
0 24 23 25 24 23 25 1
0 20 25 22 20 25 22 1
0 23 22 25 23 22 25 1
0 24 25 26 24 25 26 1
0 27 26 28 27 26 28 1
0 20 28 25 20 28 25 1
0 26 25 28 26 25 28 1
0 27 28 29 27 28 29 1
0 17 29 21 17 29 21 1
0 20 21 28 20 21 28 1
0 29 28 21 29 28 21 1
0 27 29 30 27 29 30 1
0 31 30 32 31 30 32 1
0 17 32 29 17 32 29 1
0 30 29 32 30 29 32 1
0 27 30 33 27 30 33 1
0 34 33 35 34 33 35 1
0 31 35 30 31 35 30 1
0 33 30 35 33 30 35 1
0 34 35 36 34 35 36 1
0 0 36 37 0 36 37 1
0 31 37 35 31 37 35 1
0 36 35 37 36 35 37 1
0 0 37 1 0 37 1 1
0 5 1 38 5 1 38 1
0 31 38 37 31 38 37 1
0 1 37 38 1 37 38 1
0 31 32 38 31 32 38 1
0 5 38 18 5 38 18 1
0 17 18 32 17 18 32 1
0 38 32 18 38 32 18 1
0 7 39 6 7 39 6 1
0 0 6 36 0 6 36 1
0 34 36 39 34 36 39 1
0 6 39 36 6 39 36 1
0 7 40 39 7 40 39 1
0 34 39 41 34 39 41 1
0 24 41 40 24 41 40 1
0 39 40 41 39 40 41 1
0 7 9 40 7 9 40 1
0 24 40 23 24 40 23 1
0 10 23 9 10 23 9 1
0 40 9 23 40 9 23 1
0 27 33 26 27 33 26 1
0 24 26 41 24 26 41 1
0 34 41 33 34 41 33 1
0 26 33 41 26 33 41 1
"Cylinder04" 0 2
62
0 1.128978 -0.113112 -0.314050 0.000000 0.000000 -1
0 1.112442 -0.068130 -0.257294 0.000000 0.000000 -1
0 1.021140 -0.130706 -0.188286 0.000000 0.000000 -1
0 0.458700 0.195548 -0.845612 0.000000 0.000000 -1
0 0.350860 0.177954 -0.719848 0.000000 0.000000 -1
0 0.442164 0.240530 -0.788858 0.000000 0.000000 -1
0 1.128978 -0.113112 -0.314050 0.000000 1.000000 -1
0 0.961410 -0.035946 -0.446940 0.000000 0.750000 -1
0 0.944874 0.009036 -0.390186 0.125000 0.750000 -1
0 1.112442 -0.068130 -0.257294 0.125000 1.000000 -1
0 0.793840 0.041218 -0.579832 0.000000 0.500000 -1
0 0.777306 0.086202 -0.523076 0.125000 0.500000 -1
0 0.626270 0.118384 -0.712722 0.000000 0.250000 -1
0 0.609736 0.163366 -0.655968 0.125000 0.250000 -1
0 0.442164 0.240530 -0.788858 0.125000 0.000000 -1
0 1.042424 -0.059804 -0.160116 0.000000 0.000000 -1
0 0.372146 0.248856 -0.691678 0.000000 0.000000 -1
0 1.042424 -0.059804 -0.160116 0.250000 1.000000 -1
0 0.874852 0.017360 -0.293006 0.250000 0.750000 -1
0 0.707284 0.094526 -0.425896 0.250000 0.500000 -1
0 0.539714 0.171690 -0.558788 0.250000 0.250000 -1
0 0.372146 0.248856 -0.691678 0.250000 0.000000 -1
0 0.959936 -0.093012 -0.079438 0.000000 0.000000 -1
0 0.289658 0.215648 -0.611000 0.000000 0.000000 -1
0 0.792366 -0.015848 -0.212328 0.375000 0.750000 -1
0 0.959936 -0.093012 -0.079438 0.375000 1.000000 -1
0 0.624796 0.061320 -0.345218 0.375000 0.500000 -1
0 0.457226 0.138482 -0.478110 0.375000 0.250000 -1
0 0.289658 0.215648 -0.611000 0.375000 0.000000 -1
0 0.913300 -0.148300 -0.062522 0.000000 0.000000 -1
0 0.243022 0.160360 -0.594084 0.000000 0.000000 -1
0 0.913300 -0.148300 -0.062522 0.500000 1.000000 -1
0 0.745730 -0.071136 -0.195412 0.500000 0.750000 -1
0 0.578160 0.006030 -0.328302 0.500000 0.500000 -1
0 0.410590 0.083194 -0.461192 0.500000 0.250000 -1
0 0.243022 0.160360 -0.594084 0.500000 0.000000 -1
0 0.929836 -0.193282 -0.119276 0.000000 0.000000 -1
0 0.259558 0.115378 -0.650838 0.000000 0.000000 -1
0 0.762266 -0.116116 -0.252166 0.625000 0.750000 -1
0 0.929836 -0.193282 -0.119276 0.625000 1.000000 -1
0 0.594696 -0.038954 -0.385058 0.625000 0.500000 -1
0 0.427126 0.038214 -0.517946 0.625000 0.250000 -1
0 0.259558 0.115378 -0.650838 0.625000 0.000000 -1
0 0.999854 -0.201608 -0.216454 0.000000 0.000000 -1
0 0.329578 0.107052 -0.748018 0.000000 0.000000 -1
0 0.999854 -0.201608 -0.216454 0.750000 1.000000 -1
0 0.832286 -0.124442 -0.349346 0.750000 0.750000 -1
0 0.664716 -0.047278 -0.482236 0.750000 0.500000 -1
0 0.497148 0.029888 -0.615128 0.750000 0.250000 -1
0 0.329578 0.107052 -0.748018 0.750000 0.000000 -1
0 1.082342 -0.168400 -0.297134 0.000000 0.000000 -1
0 0.412064 0.140260 -0.828696 0.000000 0.000000 -1
0 0.914774 -0.091234 -0.430024 0.875000 0.750000 -1
0 1.082342 -0.168400 -0.297134 0.875000 1.000000 -1
0 0.747204 -0.014070 -0.562914 0.875000 0.500000 -1
0 0.579636 0.063096 -0.695806 0.875000 0.250000 -1
0 0.412064 0.140260 -0.828696 0.875000 0.000000 -1
0 1.128978 -0.113112 -0.314050 1.000000 1.000000 -1
0 0.961410 -0.035946 -0.446940 1.000000 0.750000 -1
0 0.793840 0.041218 -0.579832 1.000000 0.500000 -1
0 0.626270 0.118384 -0.712722 1.000000 0.250000 -1
0 0.458700 0.195548 -0.845612 1.000000 0.000000 -1
63
0.713302 -0.433071 0.551045
0.713304 -0.433063 0.551048
0.713302 -0.433065 0.551049
-0.713299 0.433063 -0.551055
-0.713304 0.433062 -0.551049
-0.713302 0.433066 -0.551048
0.615075 0.695279 -0.371847
0.615072 0.695278 -0.371853
0.491548 0.862699 -0.118875
0.491552 0.862697 -0.118874
0.615076 0.695268 -0.371866
0.491549 0.862697 -0.118883
0.615074 0.695269 -0.371868
0.491545 0.862700 -0.118884
0.615067 0.695276 -0.371865
0.491541 0.862701 -0.118889
0.713303 -0.433063 0.551050
-0.713301 0.433078 -0.551040
0.194472 0.934698 0.297523
0.194470 0.934697 0.297528
0.194472 0.934697 0.297525
0.194469 0.934697 0.297528
0.194476 0.934697 0.297525
0.713299 -0.433068 0.551051
-0.713299 0.433078 -0.551042
-0.154485 0.757294 0.634540
-0.154489 0.757295 0.634537
-0.154488 0.757295 0.634537
-0.154487 0.757299 0.634533
-0.154485 0.757293 0.634540
0.713299 -0.433063 0.551055
-0.713304 0.433062 -0.551048
-0.647295 -0.105615 0.754888
-0.647294 -0.105620 0.754887
-0.647294 -0.105614 0.754888
-0.647297 -0.105608 0.754887
-0.647299 -0.105608 0.754885
0.713302 -0.433060 0.551053
-0.713309 0.433046 -0.551054
-0.491543 -0.862701 0.118879
-0.491550 -0.862697 0.118881
-0.491544 -0.862701 0.118879
-0.491547 -0.862700 0.118875
-0.491548 -0.862698 0.118881
0.713305 -0.433065 0.551045
-0.713311 0.433046 -0.551053
-0.194481 -0.934697 -0.297521
-0.194476 -0.934698 -0.297521
-0.194473 -0.934698 -0.297524
-0.194475 -0.934698 -0.297522
-0.194473 -0.934699 -0.297519
0.713303 -0.433071 0.551042
-0.713304 0.433059 -0.551051
0.154486 -0.757297 -0.634536
0.154483 -0.757295 -0.634538
0.154482 -0.757301 -0.634532
0.154488 -0.757295 -0.634538
0.154488 -0.757295 -0.634538
0.358808 -0.536383 -0.763904
0.358811 -0.536385 -0.763902
0.358806 -0.536391 -0.763900
0.358813 -0.536375 -0.763908
0.358811 -0.536379 -0.763906
80
0 0 1 2 0 1 2 2
0 3 4 5 3 4 5 2
0 6 7 8 6 7 8 1
0 6 8 9 6 8 9 1
0 7 10 8 7 10 8 1
0 10 11 8 10 11 8 1
0 10 12 13 10 12 13 1
0 10 13 11 10 13 11 1
0 12 3 13 12 14 13 1
0 3 14 13 14 15 13 1
0 1 15 2 1 16 2 2
0 5 4 16 5 4 17 2
0 9 8 17 9 8 18 1
0 8 18 17 8 19 18 1
0 8 11 19 8 11 20 1
0 8 19 18 8 20 19 1
0 11 13 19 11 13 20 1
0 13 20 19 13 21 20 1
0 13 14 21 13 15 22 1
0 13 21 20 13 22 21 1
0 15 22 2 16 23 2 2
0 16 4 23 17 4 24 2
0 17 18 24 18 19 25 1
0 17 24 25 18 25 26 1
0 18 19 24 19 20 25 1
0 19 26 24 20 27 25 1
0 19 20 27 20 21 28 1
0 19 27 26 20 28 27 1
0 20 21 27 21 22 28 1
0 21 28 27 22 29 28 1
0 22 29 2 23 30 2 2
0 23 4 30 24 4 31 2
0 25 24 31 26 25 32 1
0 24 32 31 25 33 32 1
0 24 26 33 25 27 34 1
0 24 33 32 25 34 33 1
0 26 27 33 27 28 34 1
0 27 34 33 28 35 34 1
0 27 28 35 28 29 36 1
0 27 35 34 28 36 35 1
0 29 36 2 30 37 2 2
0 30 4 37 31 4 38 2
0 31 32 38 32 33 39 1
0 31 38 39 32 39 40 1
0 32 33 38 33 34 39 1
0 33 40 38 34 41 39 1
0 33 34 41 34 35 42 1
0 33 41 40 34 42 41 1
0 34 35 41 35 36 42 1
0 35 42 41 36 43 42 1
0 36 43 2 37 44 2 2
0 37 4 44 38 4 45 2
0 39 38 45 40 39 46 1
0 38 46 45 39 47 46 1
0 38 40 47 39 41 48 1
0 38 47 46 39 48 47 1
0 40 41 47 41 42 48 1
0 41 48 47 42 49 48 1
0 41 42 49 42 43 50 1
0 41 49 48 42 50 49 1
0 43 50 2 44 51 2 2
0 44 4 51 45 4 52 2
0 45 46 52 46 47 53 1
0 45 52 53 46 53 54 1
0 46 47 52 47 48 53 1
0 47 54 52 48 55 53 1
0 47 48 55 48 49 56 1
0 47 55 54 48 56 55 1
0 48 49 55 49 50 56 1
0 49 56 55 50 57 56 1
0 50 0 2 51 0 2 2
0 51 4 3 52 4 3 2
0 53 52 57 54 53 58 1
0 52 58 57 53 59 58 1
0 52 54 59 53 55 60 1
0 52 59 58 53 60 59 1
0 54 55 59 55 56 60 1
0 55 60 59 56 61 60 1
0 55 56 61 56 57 62 1
0 55 61 60 56 62 61 1
"Box06" 0 1
20
0 0.392608 0.001904 0.403444 0.000000 0.000000 -1
0 0.392608 -0.465200 0.321082 0.000000 1.000000 -1
0 0.693562 -0.143338 0.662810 1.000000 0.000000 -1
0 0.693562 -0.407212 0.556574 1.000000 1.000000 -1
0 0.693562 -0.143338 0.662810 0.000000 0.000000 -1
0 0.693562 -0.407212 0.556574 0.000000 1.000000 -1
0 1.783926 -0.066710 -0.411390 1.000000 0.000000 -1
0 1.692458 -0.327924 -0.457450 1.000000 1.000000 -1
0 1.783926 -0.066710 -0.411390 0.000000 0.000000 -1
0 1.692458 -0.327924 -0.457450 0.000000 1.000000 -1
0 1.391504 0.130008 -0.661678 1.000000 0.000000 -1
0 1.391504 -0.279190 -0.733830 1.000000 1.000000 -1
0 1.391504 0.130008 -0.661678 0.000000 0.000000 -1
0 1.391504 -0.279190 -0.733830 0.000000 1.000000 -1
0 0.392608 0.001904 0.403444 1.000000 0.000000 -1
0 0.392608 -0.465200 0.321082 1.000000 1.000000 -1
0 0.392608 0.001904 0.403444 0.000000 1.000000 -1
0 0.693562 -0.143338 0.662810 1.000000 1.000000 -1
0 0.392608 -0.465200 0.321082 0.000000 0.000000 -1
0 0.693562 -0.407212 0.556574 1.000000 0.000000 -1
18
-0.682001 -0.126996 0.720240
-0.618971 -0.221333 0.753583
-0.547284 -0.312575 0.776387
0.684963 -0.272102 0.675860
0.683368 -0.312163 0.659971
0.680503 -0.351643 0.642855
0.525257 -0.033999 -0.850264
0.608778 0.046896 -0.791953
0.681998 0.126997 -0.720244
-0.731354 0.118427 -0.671637
-0.731354 0.118426 -0.671637
-0.731354 0.118426 -0.671637
0.241814 0.910199 0.336250
0.226232 0.923935 0.308487
0.210377 0.936560 0.280352
0.186592 -0.982431 0.003455
0.070471 -0.995667 -0.060665
-0.046903 -0.991210 -0.123707
12
0 0 1 2 0 1 1 1
0 1 3 2 1 2 1 1
0 4 5 6 3 4 4 2
0 5 7 6 4 5 4 2
0 8 9 10 6 7 7 1
0 9 11 10 7 8 7 1
0 12 13 14 9 10 10 2
0 13 15 14 10 11 10 2
0 12 16 6 12 13 13 3
0 16 17 6 13 14 13 3
0 18 13 19 15 16 16 3
0 13 7 19 16 17 16 3
"Box07" 0 1
20
0 1.238532 0.107160 -0.390472 0.000000 0.000000 -1
0 1.238532 -0.318306 -0.465492 0.000000 1.000000 -1
0 1.800400 -0.072996 -0.422238 1.000000 0.000000 -1
0 1.708932 -0.318306 -0.465492 1.000000 1.000000 -1
0 1.800400 -0.072996 -0.422238 0.000000 0.000000 -1
0 1.708932 -0.318306 -0.465492 0.000000 1.000000 -1
0 1.454132 0.151040 -1.053194 1.000000 0.000000 -1
0 1.454132 -0.145746 -1.105526 1.000000 1.000000 -1
0 1.454132 0.151040 -1.053194 0.000000 0.000000 -1
0 1.454132 -0.145746 -1.105526 0.000000 1.000000 -1
0 0.395732 0.413110 -2.539468 1.000000 0.000000 -1
0 0.395732 0.202626 -2.516874 1.000000 1.000000 -1
0 0.395732 0.413110 -2.539468 0.000000 0.000000 -1
0 0.395732 0.202626 -2.516874 0.000000 1.000000 -1
0 1.238532 0.107160 -0.390472 1.000000 0.000000 -1
0 1.238532 -0.318306 -0.465492 1.000000 1.000000 -1
0 1.238532 0.107160 -0.390472 0.000000 1.000000 -1
0 1.800400 -0.072996 -0.422238 1.000000 1.000000 -1
0 1.238532 -0.318306 -0.465492 0.000000 0.000000 -1
0 1.708932 -0.318306 -0.465492 1.000000 0.000000 -1
18
0.000000 -0.173646 0.984808
0.000000 -0.173645 0.984808
0.000000 -0.173645 0.984808
0.822420 -0.213692 -0.527220
0.890958 -0.076730 -0.447556
0.932944 0.062518 -0.354553
0.818732 0.099705 -0.565452
0.807648 0.017234 -0.589413
0.790508 -0.065367 -0.608954
-0.928298 0.039686 0.369713
-0.929761 -0.012371 0.367956
-0.928700 -0.064394 0.365199
0.105022 0.989462 0.099680
0.208576 0.969055 0.132018
0.309587 0.936840 0.162746
0.000000 -0.969237 -0.246130
0.031002 -0.963857 -0.264610
0.061963 -0.957194 -0.282737
12
0 0 1 2 0 1 1 1
0 1 3 2 1 2 1 1
0 4 5 6 3 4 4 2
0 5 7 6 4 5 4 2
0 8 9 10 6 7 7 1
0 9 11 10 7 8 7 1
0 12 13 14 9 10 10 2
0 13 15 14 10 11 10 2
0 12 16 6 12 13 13 3
0 16 17 6 13 14 13 3
0 18 13 19 15 16 16 3
0 13 7 19 16 17 16 3
"Duplicate02" 0 2
62
0 -1.021140 -0.130706 -0.188286 0.000000 0.000000 -1
0 -1.112442 -0.068130 -0.257294 0.000000 0.000000 -1
0 -1.128978 -0.113112 -0.314050 0.000000 0.000000 -1
0 -0.442164 0.240530 -0.788858 0.000000 0.000000 -1
0 -0.350860 0.177954 -0.719848 0.000000 0.000000 -1
0 -0.458700 0.195548 -0.845612 0.000000 0.000000 -1
0 -0.944874 0.009036 -0.390186 0.125000 0.750000 -1
0 -0.961410 -0.035946 -0.446940 0.000000 0.750000 -1
0 -1.128978 -0.113112 -0.314050 0.000000 1.000000 -1
0 -1.112442 -0.068130 -0.257294 0.125000 1.000000 -1
0 -0.793840 0.041218 -0.579832 0.000000 0.500000 -1
0 -0.777306 0.086202 -0.523076 0.125000 0.500000 -1
0 -0.609736 0.163366 -0.655968 0.125000 0.250000 -1
0 -0.626270 0.118384 -0.712722 0.000000 0.250000 -1
0 -0.442164 0.240530 -0.788858 0.125000 0.000000 -1
0 -1.042424 -0.059804 -0.160116 0.000000 0.000000 -1
0 -0.372146 0.248856 -0.691678 0.000000 0.000000 -1
0 -1.042424 -0.059804 -0.160116 0.250000 1.000000 -1
0 -0.874852 0.017360 -0.293006 0.250000 0.750000 -1
0 -0.707284 0.094526 -0.425896 0.250000 0.500000 -1
0 -0.539714 0.171690 -0.558788 0.250000 0.250000 -1
0 -0.372146 0.248856 -0.691678 0.250000 0.000000 -1
0 -0.959936 -0.093012 -0.079438 0.000000 0.000000 -1
0 -0.289658 0.215648 -0.611000 0.000000 0.000000 -1
0 -0.792366 -0.015848 -0.212328 0.375000 0.750000 -1
0 -0.959936 -0.093012 -0.079438 0.375000 1.000000 -1
0 -0.624796 0.061320 -0.345218 0.375000 0.500000 -1
0 -0.457226 0.138482 -0.478110 0.375000 0.250000 -1
0 -0.289658 0.215648 -0.611000 0.375000 0.000000 -1
0 -0.913300 -0.148300 -0.062522 0.000000 0.000000 -1
0 -0.243022 0.160360 -0.594084 0.000000 0.000000 -1
0 -0.913300 -0.148300 -0.062522 0.500000 1.000000 -1
0 -0.745730 -0.071136 -0.195412 0.500000 0.750000 -1
0 -0.578160 0.006030 -0.328302 0.500000 0.500000 -1
0 -0.410590 0.083194 -0.461192 0.500000 0.250000 -1
0 -0.243022 0.160360 -0.594084 0.500000 0.000000 -1
0 -0.929836 -0.193282 -0.119276 0.000000 0.000000 -1
0 -0.259558 0.115378 -0.650838 0.000000 0.000000 -1
0 -0.762266 -0.116116 -0.252166 0.625000 0.750000 -1
0 -0.929836 -0.193282 -0.119276 0.625000 1.000000 -1
0 -0.594696 -0.038954 -0.385058 0.625000 0.500000 -1
0 -0.427126 0.038214 -0.517946 0.625000 0.250000 -1
0 -0.259558 0.115378 -0.650838 0.625000 0.000000 -1
0 -0.999854 -0.201608 -0.216454 0.000000 0.000000 -1
0 -0.329578 0.107052 -0.748018 0.000000 0.000000 -1
0 -0.999854 -0.201608 -0.216454 0.750000 1.000000 -1
0 -0.832286 -0.124442 -0.349346 0.750000 0.750000 -1
0 -0.664716 -0.047278 -0.482236 0.750000 0.500000 -1
0 -0.497148 0.029888 -0.615128 0.750000 0.250000 -1
0 -0.329578 0.107052 -0.748018 0.750000 0.000000 -1
0 -1.082342 -0.168400 -0.297134 0.000000 0.000000 -1
0 -0.412064 0.140260 -0.828696 0.000000 0.000000 -1
0 -0.914774 -0.091234 -0.430024 0.875000 0.750000 -1
0 -1.082342 -0.168400 -0.297134 0.875000 1.000000 -1
0 -0.747204 -0.014070 -0.562914 0.875000 0.500000 -1
0 -0.579636 0.063096 -0.695806 0.875000 0.250000 -1
0 -0.412064 0.140260 -0.828696 0.875000 0.000000 -1
0 -1.128978 -0.113112 -0.314050 1.000000 1.000000 -1
0 -0.961410 -0.035946 -0.446940 1.000000 0.750000 -1
0 -0.793840 0.041218 -0.579832 1.000000 0.500000 -1
0 -0.626270 0.118384 -0.712722 1.000000 0.250000 -1
0 -0.458700 0.195548 -0.845612 1.000000 0.000000 -1
63
-0.713302 -0.433065 0.551049
-0.713304 -0.433063 0.551048
-0.713302 -0.433071 0.551045
0.713302 0.433066 -0.551048
0.713304 0.433062 -0.551049
0.713299 0.433063 -0.551055
-0.491548 0.862699 -0.118875
-0.615072 0.695278 -0.371853
-0.615075 0.695279 -0.371847
-0.491552 0.862697 -0.118874
-0.615076 0.695268 -0.371866
-0.491549 0.862697 -0.118883
-0.491545 0.862700 -0.118884
-0.615074 0.695269 -0.371868
-0.615067 0.695276 -0.371865
-0.491541 0.862701 -0.118889
-0.713303 -0.433063 0.551050
0.713301 0.433078 -0.551040
-0.194472 0.934698 0.297523
-0.194470 0.934697 0.297528
-0.194472 0.934697 0.297525
-0.194469 0.934697 0.297528
-0.194476 0.934697 0.297525
-0.713299 -0.433068 0.551051
0.713299 0.433078 -0.551042
0.154485 0.757294 0.634540
0.154489 0.757295 0.634537
0.154488 0.757295 0.634537
0.154487 0.757299 0.634533
0.154485 0.757293 0.634540
-0.713299 -0.433063 0.551055
0.713304 0.433062 -0.551048
0.647295 -0.105615 0.754888
0.647294 -0.105620 0.754887
0.647294 -0.105614 0.754888
0.647297 -0.105608 0.754887
0.647299 -0.105608 0.754885
-0.713302 -0.433060 0.551053
0.713309 0.433046 -0.551054
0.491543 -0.862701 0.118879
0.491550 -0.862697 0.118881
0.491544 -0.862701 0.118879
0.491547 -0.862700 0.118875
0.491548 -0.862698 0.118881
-0.713305 -0.433065 0.551045
0.713311 0.433046 -0.551053
0.194481 -0.934697 -0.297521
0.194476 -0.934698 -0.297521
0.194473 -0.934698 -0.297524
0.194475 -0.934698 -0.297522
0.194473 -0.934699 -0.297519
-0.713303 -0.433071 0.551042
0.713304 0.433059 -0.551051
-0.154486 -0.757297 -0.634536
-0.154483 -0.757295 -0.634538
-0.154482 -0.757301 -0.634532
-0.154488 -0.757295 -0.634538
-0.154488 -0.757295 -0.634538
-0.358808 -0.536383 -0.763904
-0.358811 -0.536385 -0.763902
-0.358806 -0.536391 -0.763900
-0.358813 -0.536375 -0.763908
-0.358811 -0.536379 -0.763906
80
0 0 1 2 0 1 2 2
0 3 4 5 3 4 5 2
0 6 7 8 6 7 8 1
0 9 6 8 9 6 8 1
0 6 10 7 6 10 7 1
0 6 11 10 6 11 10 1
0 12 13 10 12 13 10 1
0 11 12 10 11 12 10 1
0 12 5 13 12 14 13 1
0 12 14 5 12 15 14 1
0 0 15 1 0 16 1 2
0 16 4 3 17 4 3 2
0 17 6 9 18 6 9 1
0 17 18 6 18 19 6 1
0 19 11 6 20 11 6 1
0 18 19 6 19 20 6 1
0 19 12 11 20 12 11 1
0 19 20 12 20 21 12 1
0 21 14 12 22 15 12 1
0 20 21 12 21 22 12 1
0 0 22 15 0 23 16 2
0 23 4 16 24 4 17 2
0 24 18 17 25 19 18 1
0 25 24 17 26 25 18 1
0 24 19 18 25 20 19 1
0 24 26 19 25 27 20 1
0 27 20 19 28 21 20 1
0 26 27 19 27 28 20 1
0 27 21 20 28 22 21 1
0 27 28 21 28 29 22 1
0 0 29 22 0 30 23 2
0 30 4 23 31 4 24 2
0 31 24 25 32 25 26 1
0 31 32 24 32 33 25 1
0 33 26 24 34 27 25 1
0 32 33 24 33 34 25 1
0 33 27 26 34 28 27 1
0 33 34 27 34 35 28 1
0 35 28 27 36 29 28 1
0 34 35 27 35 36 28 1
0 0 36 29 0 37 30 2
0 37 4 30 38 4 31 2
0 38 32 31 39 33 32 1
0 39 38 31 40 39 32 1
0 38 33 32 39 34 33 1
0 38 40 33 39 41 34 1
0 41 34 33 42 35 34 1
0 40 41 33 41 42 34 1
0 41 35 34 42 36 35 1
0 41 42 35 42 43 36 1
0 0 43 36 0 44 37 2
0 44 4 37 45 4 38 2
0 45 38 39 46 39 40 1
0 45 46 38 46 47 39 1
0 47 40 38 48 41 39 1
0 46 47 38 47 48 39 1
0 47 41 40 48 42 41 1
0 47 48 41 48 49 42 1
0 49 42 41 50 43 42 1
0 48 49 41 49 50 42 1
0 0 50 43 0 51 44 2
0 51 4 44 52 4 45 2
0 52 46 45 53 47 46 1
0 53 52 45 54 53 46 1
0 52 47 46 53 48 47 1
0 52 54 47 53 55 48 1
0 55 48 47 56 49 48 1
0 54 55 47 55 56 48 1
0 55 49 48 56 50 49 1
0 55 56 49 56 57 50 1
0 0 2 50 0 2 51 2
0 5 4 51 5 4 52 2
0 57 52 53 58 53 54 1
0 57 58 52 58 59 53 1
0 59 54 52 60 55 53 1
0 58 59 52 59 60 53 1
0 59 55 54 60 56 55 1
0 59 60 55 60 61 56 1
0 61 56 55 62 57 56 1
0 60 61 55 61 62 56 1
"Duplicate03" 0 1
40
0 -0.693562 -0.143338 0.662810 1.000000 0.000000 -1
0 -0.392608 -0.465200 0.321082 0.000000 1.000000 -1
0 -0.392608 0.001904 0.403444 0.000000 0.000000 -1
0 -0.693562 -0.407212 0.556574 1.000000 1.000000 -1
0 -1.783926 -0.066710 -0.411390 1.000000 0.000000 -1
0 -0.693562 -0.407212 0.556574 0.000000 1.000000 -1
0 -0.693562 -0.143338 0.662810 0.000000 0.000000 -1
0 -1.692458 -0.327924 -0.457450 1.000000 1.000000 -1
0 -1.391504 0.130008 -0.661678 1.000000 0.000000 -1
0 -1.692458 -0.327924 -0.457450 0.000000 1.000000 -1
0 -1.783926 -0.066710 -0.411390 0.000000 0.000000 -1
0 -1.391504 -0.279190 -0.733830 1.000000 1.000000 -1
0 -0.392608 0.001904 0.403444 1.000000 0.000000 -1
0 -1.391504 -0.279190 -0.733830 0.000000 1.000000 -1
0 -1.391504 0.130008 -0.661678 0.000000 0.000000 -1
0 -0.392608 -0.465200 0.321082 1.000000 1.000000 -1
0 -0.392608 0.001904 0.403444 0.000000 1.000000 -1
0 -0.693562 -0.143338 0.662810 1.000000 1.000000 -1
0 -0.693562 -0.407212 0.556574 1.000000 0.000000 -1
0 -0.392608 -0.465200 0.321082 0.000000 0.000000 -1
0 -1.800400 -0.072996 -0.422238 1.000000 0.000000 -1
0 -1.238532 -0.318306 -0.465492 0.000000 1.000000 -1
0 -1.238532 0.107160 -0.390472 0.000000 0.000000 -1
0 -1.708932 -0.318306 -0.465492 1.000000 1.000000 -1
0 -1.454132 0.151040 -1.053194 1.000000 0.000000 -1
0 -1.708932 -0.318306 -0.465492 0.000000 1.000000 -1
0 -1.800400 -0.072996 -0.422238 0.000000 0.000000 -1
0 -1.454132 -0.145746 -1.105526 1.000000 1.000000 -1
0 -0.395732 0.413110 -2.539468 1.000000 0.000000 -1
0 -1.454132 -0.145746 -1.105526 0.000000 1.000000 -1
0 -1.454132 0.151040 -1.053194 0.000000 0.000000 -1
0 -0.395732 0.202626 -2.516874 1.000000 1.000000 -1
0 -1.238532 0.107160 -0.390472 1.000000 0.000000 -1
0 -0.395732 0.202626 -2.516874 0.000000 1.000000 -1
0 -0.395732 0.413110 -2.539468 0.000000 0.000000 -1
0 -1.238532 -0.318306 -0.465492 1.000000 1.000000 -1
0 -1.238532 0.107160 -0.390472 0.000000 1.000000 -1
0 -1.800400 -0.072996 -0.422238 1.000000 1.000000 -1
0 -1.708932 -0.318306 -0.465492 1.000000 0.000000 -1
0 -1.238532 -0.318306 -0.465492 0.000000 0.000000 -1
36
0.618971 -0.221333 0.753583
0.682001 -0.126996 0.720240
0.547284 -0.312575 0.776387
-0.683368 -0.312163 0.659971
-0.684963 -0.272102 0.675860
-0.680503 -0.351643 0.642855
-0.608778 0.046896 -0.791953
-0.525257 -0.033999 -0.850264
-0.681998 0.126997 -0.720244
0.731354 0.118426 -0.671637
0.731354 0.118427 -0.671637
0.731354 0.118426 -0.671637
-0.226232 0.923935 0.308487
-0.241814 0.910199 0.336250
-0.210377 0.936560 0.280352
-0.070471 -0.995667 -0.060665
-0.186592 -0.982431 0.003455
0.046903 -0.991210 -0.123707
-0.000000 -0.173645 0.984808
-0.000000 -0.173646 0.984808
0.000000 -0.173645 0.984808
-0.890958 -0.076730 -0.447556
-0.822420 -0.213692 -0.527220
-0.932944 0.062518 -0.354553
-0.807648 0.017234 -0.589413
-0.818732 0.099705 -0.565452
-0.790508 -0.065367 -0.608954
0.929761 -0.012371 0.367956
0.928298 0.039686 0.369713
0.928700 -0.064394 0.365199
-0.208576 0.969055 0.132018
-0.105022 0.989462 0.099680
-0.309587 0.936840 0.162746
-0.031002 -0.963857 -0.264610
0.000000 -0.969237 -0.246130
-0.061963 -0.957194 -0.282737
24
0 0 1 2 0 0 1 1
0 0 3 1 0 2 0 1
0 4 5 6 3 3 4 2
0 4 7 5 3 5 3 2
0 8 9 10 6 6 7 1
0 8 11 9 6 8 6 1
0 12 13 14 9 9 10 2
0 12 15 13 9 11 9 2
0 4 16 14 12 12 13 3
0 4 17 16 12 14 12 3
0 18 13 19 15 15 16 3
0 18 7 13 15 17 15 3
0 20 21 22 18 18 19 1
0 20 23 21 18 20 18 1
0 24 25 26 21 21 22 2
0 24 27 25 21 23 21 2
0 28 29 30 24 24 25 1
0 28 31 29 24 26 24 1
0 32 33 34 27 27 28 2
0 32 35 33 27 29 27 2
0 24 36 34 30 30 31 3
0 24 37 36 30 32 30 3
0 38 33 39 33 33 34 3
0 38 27 33 33 35 33 3

Materials: 3
"Material01"
0.200000 0.200000 0.200000 1.000000
0.305882 0.839216 0.490196 1.000000
0.000000 0.000000 0.000000 1.000000
0.000000 0.000000 0.000000 1.000000
0.000000
1.000000
""
""
"Material02"
0.200000 0.200000 0.200000 1.000000
0.235294 0.380392 0.525490 1.000000
0.000000 0.000000 0.000000 1.000000
0.000000 0.000000 0.000000 1.000000
0.000000
1.000000
""
""
"Material04"
0.200000 0.200000 0.200000 1.000000
0.894118 0.227451 0.227451 1.000000
0.000000 0.000000 0.000000 1.000000
0.000000 0.000000 0.000000 1.000000
0.000000
1.000000
""
""

Bones: 0
GroupComments: 0
MaterialComments: 0
BoneComments: 0
ModelComment: 0
